# Fission Barrier Parameters in JENDL-4.0
# taken from Table 4 in Actinoid files, by O. Iwamoto
#
#     Z  At  Acn    V1      hw1     V2      hw2
#                  [MeV]   [MeV]   [MeV]   [MeV]
#
  Ac  89 225 226   7.000   0.800   7.100   0.900
  Ac  89 225 225   7.000   0.800   7.100   0.930
  Ac  89 225 224   7.000   0.800   7.100   0.900
  Ac  89 225 223   7.000   0.800   7.100   0.930
  Ac  89 225 222   7.000   0.800   7.100   0.900
  Ac  89 226 227   7.000   0.800   7.100   0.930
  Ac  89 226 226   7.000   0.800   7.100   0.900
  Ac  89 226 225   7.000   0.800   7.100   0.930
  Ac  89 226 224   7.000   0.800   7.100   0.900
  Ac  89 226 223   7.000   0.800   7.100   0.930
  Ac  89 227 228   7.000   0.800   7.100   0.900
  Ac  89 227 227   7.000   0.800   7.100   0.930
  Ac  89 227 226   6.500   0.800   6.900   0.900
  Ac  89 227 225   7.000   0.800   7.100   0.930
  Ac  89 227 224   7.000   0.800   7.100   0.900
  Th  90 227 228   3.900   1.040   6.400   0.600
  Th  90 227 227   4.100   0.800   6.400   0.520
  Th  90 227 226   3.900   1.040   8.200   0.600
  Th  90 227 225   4.200   0.800   8.000   0.520
  Th  90 227 224   4.100   1.040   7.600   0.600
  Th  90 228 229   5.500   0.800   6.000   0.520
  Th  90 228 228   3.900   1.040   6.400   0.600
  Th  90 228 227   4.100   0.800   6.400   0.520
  Th  90 228 226   3.900   1.040   8.200   0.600
  Th  90 228 225   4.200   0.800   8.000   0.520
  Th  90 229 230   6.000   1.040   5.900   0.500
  Th  90 229 229   5.500   0.800   6.000   0.520
  Th  90 229 228   3.900   1.040   6.400   0.600
  Th  90 229 227   4.100   0.800   6.400   0.520
  Th  90 229 226   3.900   1.040   8.200   0.600
  Th  90 230 231   5.800   0.800   6.050   0.550
  Th  90 230 230   6.000   1.040   5.800   0.500
  Th  90 230 229   5.500   0.800   6.000   0.520
  Th  90 230 228   3.900   1.040   6.400   0.600
  Th  90 230 227   4.100   0.800   6.400   0.520
  Th  90 231 232   5.800   1.040   5.950   0.500
  Th  90 231 231   6.000   0.800   6.000   0.600
  Th  90 231 230   5.500   1.040   5.950   0.600
  Th  90 231 229   5.500   0.800   6.000   0.520
  Th  90 231 228   3.900   1.040   6.400   0.600
  Th  90 232 233   5.820   1.000   6.150   0.530
  Th  90 232 232   5.800   1.040   5.950   0.500
  Th  90 232 231   6.000   0.800   6.000   0.600
  Th  90 232 230   5.500   1.040   5.950   0.600
  Th  90 232 229   5.500   0.800   6.000   0.520
  Th  90 233 234   5.800   1.040   5.950   0.500
  Th  90 233 233   5.820   1.000   6.150   0.530
  Th  90 233 232   5.800   1.040   5.950   0.500
  Th  90 233 231   6.000   0.800   6.000   0.600
  Th  90 233 230   5.500   1.040   5.950   0.600
  Th  90 234 235   5.820   1.000   6.150   0.530
  Th  90 234 234   5.800   1.040   5.950   0.500
  Th  90 234 233   5.820   1.000   6.150   0.530
  Th  90 234 232   5.800   1.040   5.950   0.500
  Th  90 234 231   6.000   0.800   6.000   0.600
  Pa  91 229 230   5.800   0.800   5.900   0.400
  Pa  91 229 229   6.000   0.800   5.800   0.520
  Pa  91 229 228   5.800   0.800   6.180   0.400
  Pa  91 229 227   6.000   0.800   5.800   0.520
  Pa  91 230 231   6.000   0.800   5.850   0.520
  Pa  91 230 230   5.800   0.800   6.180   0.400
  Pa  91 230 229   6.000   0.800   5.800   0.520
  Pa  91 230 228   5.800   0.800   6.180   0.400
  Pa  91 230 227   6.000   0.800   5.800   0.520
  Pa  91 231 232   5.800   0.800   6.180   0.400
  Pa  91 231 231   6.000   0.800   5.750   0.520
  Pa  91 231 230   5.800   0.800   6.180   0.400
  Pa  91 231 229   6.000   0.800   5.800   0.520
  Pa  91 231 228   5.800   0.800   6.180   0.400
  Pa  91 232 233   5.800   0.800   6.000   0.520
  Pa  91 232 232   5.800   0.800   6.180   0.400
  Pa  91 232 231   6.000   0.800   5.750   0.520
  Pa  91 232 230   5.800   0.800   6.180   0.400
  Pa  91 232 229   6.000   0.800   5.800   0.520
  Pa  91 233 234   5.800   0.800   6.300   0.400
  Pa  91 233 233   5.900   0.800   6.100   0.520
  Pa  91 233 232   5.800   0.800   6.180   0.400
  Pa  91 233 231   6.000   0.800   5.750   0.520
  Pa  91 233 230   5.800   0.800   6.180   0.400
   U  92 230 231   6.000   0.800   5.600   0.520
   U  92 230 230   5.800   1.040   5.100   0.600
   U  92 230 229   6.000   0.800   5.600   0.520
   U  92 230 228   5.800   1.040   5.100   0.600
   U  92 231 232   5.800   1.040   5.930   0.600
   U  92 231 231   6.000   0.800   5.600   0.520
   U  92 231 230   5.800   1.040   5.100   0.600
   U  92 231 229   6.000   0.800   5.600   0.520
   U  92 231 228   5.800   1.040   5.100   0.600
   U  92 232 233   5.970   0.800   5.450   0.520
   U  92 232 232   5.800   1.040   5.000   0.600
   U  92 232 231   6.000   0.800   5.600   0.520
   U  92 232 230   3.800   1.040   3.900   0.600
   U  92 233 234   6.000   1.040   5.400   0.600
   U  92 233 233   5.600   0.800   5.400   0.520
   U  92 233 232   5.500   1.040   5.000   0.600
   U  92 233 231   6.000   0.800   5.600   0.520
   U  92 233 230   5.800   1.040   5.100   0.600
   U  92 234 235   5.790   0.600   5.600   0.320
   U  92 234 234   6.220   1.040   5.000   0.600
   U  92 234 233   5.970   0.800   5.400   0.520
   U  92 234 232   5.800   1.040   5.100   0.600
   U  92 234 231   6.000   0.800   5.600   0.520
   U  92 235 236   6.201   1.040   5.417   0.550
   U  92 235 235   5.700   0.400   5.600   0.300
   U  92 235 234   6.050   1.040   5.400   0.600
   U  92 235 233   5.970   0.800   5.450   0.520
   U  92 235 232   5.800   1.040   5.100   0.600
   U  92 236 237   6.100   0.600   5.900   0.600
   U  92 236 236   6.500   1.100   5.230   0.600
   U  92 236 235   5.790   0.400   5.470   0.300
   U  92 236 234   6.180   1.040   5.080   0.600
   U  92 236 233   5.970   0.800   5.450   0.520
   U  92 237 238   6.320   0.800   5.200   0.600
   U  92 237 237   6.150   0.650   5.750   0.500
   U  92 237 236   6.400   1.040   5.050   0.550
   U  92 237 235   5.790   0.400   5.470   0.300
   U  92 237 234   6.180   1.040   5.080   0.600
   U  92 238 239   6.452   0.702   5.574   0.474
   U  92 238 238   6.331   0.950   4.952   0.600
   U  92 238 237   6.036   0.650   5.641   0.500
   U  92 238 236   6.220   1.040   5.034   0.550
   U  92 238 235   5.790   0.400   5.470   0.300
  Np  93 234 235   6.250   0.950   5.630   0.600
  Np  93 234 234   6.200   0.460   5.850   0.370
  Np  93 234 233   4.300   0.800   3.300   0.520
  Np  93 234 232   4.400   0.650   3.300   0.450
  Np  93 234 231   4.000   0.800   3.100   0.520
  Np  93 235 236   6.100   0.600   6.080   0.600
  Np  93 235 235   6.250   0.950   5.630   0.600
  Np  93 235 234   6.200   0.460   5.850   0.370
  Np  93 235 233   4.300   0.800   3.300   0.520
  Np  93 236 237   6.000   0.950   5.570   0.600
  Np  93 236 236   6.100   0.600   6.080   0.600
  Np  93 236 235   6.250   0.950   5.630   0.600
  Np  93 236 234   6.200   0.460   5.850   0.370
  Np  93 236 233   4.300   0.800   3.300   0.520
  Np  93 237 238   6.199   0.460   5.848   0.370
  Np  93 237 237   6.250   0.950   5.200   0.600
  Np  93 237 236   5.500   0.600   5.200   0.400
  Np  93 237 235   6.250   0.950   5.200   0.600
  Np  93 237 234   6.200   0.460   5.850   0.370
  Np  93 238 239   6.250   0.800   5.250   0.600
  Np  93 238 238   6.200   0.460   5.850   0.370
  Np  93 238 237   6.000   0.950   5.570   0.600
  Np  93 238 236   6.100   0.600   6.080   0.600
  Np  93 238 235   6.250   0.950   5.630   0.600
  Np  93 239 240   6.200   0.460   5.850   0.370
  Np  93 239 239   6.250   0.800   5.200   0.600
  Np  93 239 238   6.200   0.460   5.850   0.370
  Np  93 239 237   6.250   0.950   5.200   0.600
  Np  93 239 236   6.200   0.600   5.850   0.400
  Pu  94 236 237   5.800   0.800   5.800   0.520
  Pu  94 236 236   6.000   1.040   5.000   0.600
  Pu  94 236 235   6.000   0.800   5.000   0.520
  Pu  94 236 234   5.600   1.040   4.600   0.600
  Pu  94 237 238   5.300   1.040   5.850   0.600
  Pu  94 237 237   5.800   0.800   5.800   0.520
  Pu  94 237 236   6.000   1.040   5.000   0.600
  Pu  94 237 235   6.000   0.800   5.000   0.520
  Pu  94 237 234   5.600   1.040   4.600   0.600
  Pu  94 238 239   6.050   0.700   5.700   0.600
  Pu  94 238 238   5.500   0.600   4.800   0.600
  Pu  94 238 237   5.800   0.800   5.800   0.520
  Pu  94 238 236   6.000   1.040   5.000   0.600
  Pu  94 239 240   6.250   1.040   5.000   0.600
  Pu  94 239 239   5.750   0.700   5.550   0.600
  Pu  94 239 238   5.400   0.700   5.100   0.600
  Pu  94 239 237   5.800   0.800   5.800   0.520
  Pu  94 239 236   6.000   1.040   5.000   0.600
  Pu  94 240 241   5.949   0.580   5.478   0.520
  Pu  94 240 240   6.150   1.040   4.900   0.600
  Pu  94 240 239   6.050   0.700   5.700   0.600
  Pu  94 240 238   6.000   1.040   4.800   0.600
  Pu  94 240 237   5.800   0.800   5.800   0.520
  Pu  94 241 242   6.172   0.998   4.674   0.600
  Pu  94 241 241   5.795   0.580   5.487   0.520
  Pu  94 241 240   6.250   1.040   4.920   0.600
  Pu  94 241 239   6.050   0.700   5.700   0.600
  Pu  94 241 238   6.000   1.040   4.800   0.600
  Pu  94 242 243   5.750   0.680   5.520   0.520
  Pu  94 242 242   6.100   1.000   4.850   0.600
  Pu  94 242 241   5.950   0.580   5.480   0.520
  Pu  94 242 240   6.250   1.040   4.920   0.600
  Pu  94 242 239   6.050   0.700   5.700   0.600
  Pu  94 244 245   5.600   0.530   5.300   0.520
  Pu  94 244 244   6.000   1.040   4.700   0.600
  Pu  94 244 243   5.750   0.680   5.520   0.520
  Pu  94 244 242   6.150   1.000   4.800   0.600
  Pu  94 244 241   5.950   0.580   5.480   0.520
  Pu  94 246 247   5.600   0.530   5.300   0.520
  Pu  94 246 246   6.000   1.040   4.700   0.600
  Pu  94 246 245   5.600   0.530   5.300   0.520
  Pu  94 246 244   6.000   1.040   4.700   0.600
  Pu  94 246 243   5.750   0.680   5.520   0.520
  Am  95 240 241   6.200   0.800   5.750   0.520
  Am  95 240 240   6.100   0.650   6.000   0.450
  Am  95 240 239   6.000   0.800   5.400   0.520
  Am  95 240 238   5.700   0.650   2.100   0.450
  Am  95 240 237   5.100   0.800   2.000   0.520
  Am  95 241 242   6.510   0.600   6.050   0.550
  Am  95 241 241   6.100   0.800   5.500   0.520
  Am  95 241 240   6.000   0.650   5.600   0.450
  Am  95 241 239   6.000   0.800   5.400   0.520
  Am  95 241 238   5.700   0.650   2.100   0.450
  Am  95 242 243   6.200   0.800   5.150   0.520
  Am  95 242 242   6.410   0.600   5.800   0.550
  Am  95 242 241   6.100   0.800   5.500   0.520
  Am  95 242 240   6.100   0.650   6.000   0.450
  Am  95 242 239   6.000   0.800   5.400   0.520
  Am  95 242 243   6.200   0.800   5.150   0.520
  Am  95 242 242   6.410   0.600   5.800   0.550
  Am  95 242 241   6.100   0.800   5.500   0.520
  Am  95 242 240   6.100   0.650   6.000   0.450
  Am  95 242 239   6.000   0.800   5.400   0.520
  Am  95 243 244   6.450   0.650   6.000   0.530
  Am  95 243 243   6.200   0.800   5.400   0.520
  Am  95 243 242   6.510   0.600   6.050   0.550
  Am  95 243 241   6.100   0.800   5.500   0.520
  Am  95 243 240   6.100   0.650   6.000   0.450
  Am  95 244 245   6.200   0.800   5.200   0.520
  Am  95 244 244   6.450   0.650   6.000   0.530
  Am  95 244 243   6.200   0.800   5.400   0.520
  Am  95 244 242   6.510   0.600   6.050   0.550
  Am  95 244 241   6.100   0.800   5.500   0.520
  Am  95 244 245   6.200   0.800   5.200   0.520
  Am  95 244 244   6.450   0.650   6.000   0.530
  Am  95 244 243   6.200   0.800   5.400   0.520
  Am  95 244 242   6.510   0.600   6.050   0.550
  Am  95 244 241   6.100   0.800   5.500   0.520
  Cm  96 240 241   5.800   0.800   6.200   0.600
  Cm  96 240 240   6.000   1.040   5.000   0.600
  Cm  96 240 239   6.300   0.800   5.000   0.520
  Cm  96 240 238   6.000   1.040   5.000   0.600
  Cm  96 241 242   6.250   1.040   5.700   0.800
  Cm  96 241 241   5.800   0.800   6.200   0.600
  Cm  96 241 240   6.000   1.040   5.000   0.600
  Cm  96 241 239   6.300   0.800   5.000   0.520
  Cm  96 241 238   6.000   1.040   5.000   0.600
  Cm  96 242 243   6.150   0.600   5.800   0.400
  Cm  96 242 242   6.200   1.040   4.900   0.600
  Cm  96 242 241   6.300   0.800   5.000   0.520
  Cm  96 242 240   6.000   1.040   5.000   0.600
  Cm  96 243 244   6.100   0.900   5.100   0.600
  Cm  96 243 243   6.150   0.600   5.800   0.400
  Cm  96 243 242   6.200   1.040   4.900   0.600
  Cm  96 243 241   6.300   0.800   5.000   0.520
  Cm  96 243 240   6.000   1.040   5.000   0.600
  Cm  96 244 245   6.050   0.500   5.700   0.420
  Cm  96 244 244   6.100   0.900   5.100   0.600
  Cm  96 244 243   6.150   0.600   5.800   0.400
  Cm  96 244 242   6.200   1.040   4.900   0.600
  Cm  96 244 241   6.300   0.800   5.000   0.520
  Cm  96 245 246   6.300   1.040   5.100   0.600
  Cm  96 245 245   6.050   0.500   5.700   0.420
  Cm  96 245 244   6.100   0.900   5.100   0.600
  Cm  96 245 243   6.150   0.600   5.800   0.400
  Cm  96 245 242   6.200   1.040   4.900   0.600
  Cm  96 246 247   5.400   0.800   5.650   0.650
  Cm  96 246 246   6.300   1.040   5.100   0.600
  Cm  96 246 245   6.050   0.500   5.700   0.420
  Cm  96 246 244   6.100   0.900   5.100   0.600
  Cm  96 246 243   6.150   0.600   5.800   0.400
  Cm  96 247 248   6.100   1.040   4.950   0.600
  Cm  96 247 247   5.400   0.800   5.650   0.650
  Cm  96 247 246   6.300   1.040   5.100   0.600
  Cm  96 247 245   6.050   0.500   5.700   0.420
  Cm  96 247 244   6.100   0.900   5.100   0.600
  Cm  96 248 249   5.500   0.750   5.100   0.430
  Cm  96 248 248   6.100   1.040   4.950   0.600
  Cm  96 248 247   5.400   0.800   5.650   0.650
  Cm  96 248 246   6.300   1.040   5.100   0.600
  Cm  96 248 245   6.050   0.500   5.700   0.420
  Cm  96 249 250   5.500   1.040   4.400   0.600
  Cm  96 249 249   5.500   0.750   5.100   0.430
  Cm  96 249 248   6.100   1.040   4.950   0.600
  Cm  96 249 247   5.400   0.800   5.650   0.650
  Cm  96 249 246   6.300   1.040   5.100   0.600
  Cm  96 250 251   5.500   0.750   5.100   0.430
  Cm  96 250 250   6.100   1.040   4.800   0.600
  Cm  96 250 249   5.500   0.750   5.100   0.430
  Cm  96 250 248   6.100   1.040   4.950   0.600
  Cm  96 250 247   5.400   0.800   5.650   0.650
  Bk  97 245 246   6.200   0.650   6.600   0.500
  Bk  97 245 245   6.300   0.800   5.970   0.520
  Bk  97 245 244   6.200   0.650   5.550   0.450
  Bk  97 245 243   6.200   0.800   4.800   0.520
  Bk  97 246 247   6.300   0.800   5.970   0.520
  Bk  97 246 246   6.200   0.650   6.600   0.500
  Bk  97 246 245   6.300   0.800   5.970   0.520
  Bk  97 246 244   6.200   0.650   5.550   0.450
  Bk  97 246 243   6.200   0.800   4.800   0.520
  Bk  97 247 248   6.750   0.700   6.300   0.600
  Bk  97 247 247   6.300   0.800   5.970   0.520
  Bk  97 247 246   6.200   0.650   6.600   0.500
  Bk  97 247 245   6.300   0.800   5.970   0.520
  Bk  97 247 244   6.200   0.650   5.550   0.450
  Bk  97 248 249   6.000   0.800   5.780   0.520
  Bk  97 248 248   6.750   0.700   6.300   0.600
  Bk  97 248 247   6.300   0.800   5.970   0.520
  Bk  97 248 246   6.200   0.650   6.600   0.500
  Bk  97 248 245   6.300   0.800   5.970   0.520
  Bk  97 249 250   6.200   0.650   5.550   0.450
  Bk  97 249 249   6.200   0.800   4.800   0.520
  Bk  97 249 248   6.200   0.650   5.550   0.450
  Bk  97 249 247   6.200   0.800   4.800   0.520
  Bk  97 249 246   6.200   0.650   5.550   0.450
  Bk  97 250 251   6.200   0.800   4.800   0.520
  Bk  97 250 250   6.200   0.650   5.550   0.450
  Bk  97 250 249   6.200   0.800   4.800   0.520
  Bk  97 250 248   6.200   0.650   5.550   0.450
  Bk  97 250 247   6.200   0.800   4.800   0.520
  Cf  98 246 247   6.700   1.000   5.900   0.800
  Cf  98 246 246   6.200   1.040   5.400   0.600
  Cf  98 246 245   6.700   1.000   5.900   0.800
  Cf  98 246 244   6.200   1.040   5.400   0.600
  Cf  98 248 249   6.700   1.200   5.900   0.800
  Cf  98 248 248   6.200   1.040   5.400   0.600
  Cf  98 248 247   6.700   1.000   5.900   0.800
  Cf  98 248 246   6.200   1.040   5.400   0.600
  Cf  98 249 250   6.200   1.150   5.450   0.600
  Cf  98 249 249   6.000   1.200   6.000   0.800
  Cf  98 249 248   6.200   1.040   5.400   0.600
  Cf  98 249 247   6.700   1.000   5.900   0.800
  Cf  98 249 246   6.200   1.040   5.400   0.600
  Cf  98 250 251   6.200   0.800   5.000   0.600
  Cf  98 250 250   6.200   1.040   5.400   0.600
  Cf  98 250 249   6.700   1.200   5.900   0.800
  Cf  98 250 248   6.200   1.040   5.400   0.600
  Cf  98 250 247   6.700   1.000   5.900   0.800
  Cf  98 251 252   6.000   1.040   5.000   0.800
  Cf  98 251 251   6.200   0.800   5.000   0.600
  Cf  98 251 250   6.200   1.040   5.400   0.600
  Cf  98 251 249   6.700   1.200   5.900   0.800
  Cf  98 251 248   6.200   1.040   5.400   0.600
  Cf  98 252 253   5.600   1.000   4.600   0.800
  Cf  98 252 252   6.000   1.040   5.000   0.800
  Cf  98 252 251   6.200   0.800   5.000   0.600
  Cf  98 252 250   6.200   1.040   5.400   0.600
  Cf  98 252 249   6.700   1.200   5.900   0.800
  Cf  98 253 254   6.200   1.040   5.400   0.600
  Cf  98 253 253   5.600   1.000   4.600   0.800
  Cf  98 253 252   6.000   1.040   5.000   0.800
  Cf  98 253 251   6.200   0.800   5.000   0.600
  Cf  98 253 250   6.200   1.040   5.400   0.600
  Cf  98 254 255   5.600   1.000   4.600   0.800
  Cf  98 254 254   6.200   1.040   5.400   0.600
  Cf  98 254 253   5.600   1.000   4.600   0.800
  Cf  98 254 252   6.000   1.040   5.000   0.800
  Cf  98 254 251   6.200   0.800   5.000   0.600
  Es  99 251 252   6.200   0.650   5.800   0.450
  Es  99 251 251   6.200   0.800   5.400   0.520
  Es  99 251 250   6.200   0.650   5.800   0.450
  Es  99 251 249   6.200   0.800   5.400   0.520
  Es  99 252 253   6.200   0.800   5.400   0.520
  Es  99 252 252   6.200   0.650   5.800   0.450
  Es  99 252 251   6.200   0.800   5.400   0.520
  Es  99 252 250   6.200   0.650   5.800   0.450
  Es  99 252 249   6.200   0.800   5.400   0.520
  Es  99 253 254   6.200   0.650   5.800   0.450
  Es  99 253 253   6.200   0.800   5.400   0.520
  Es  99 253 252   6.200   0.650   5.800   0.450
  Es  99 253 251   6.200   0.800   5.400   0.520
  Es  99 253 250   6.200   0.650   5.800   0.450
  Es  99 254 255   6.120   0.800   4.800   0.520
  Es  99 254 254   6.200   0.650   5.800   0.450
  Es  99 254 253   6.200   0.800   5.400   0.520
  Es  99 254 252   6.200   0.650   5.800   0.450
  Es  99 254 251   6.200   0.800   5.400   0.520
  Es  99 254 255   6.120   0.800   4.800   0.520
  Es  99 254 254   6.200   0.650   5.800   0.450
  Es  99 254 253   6.200   0.800   5.400   0.520
  Es  99 254 252   6.200   0.650   5.800   0.450
  Es  99 254 251   6.200   0.800   5.400   0.520
  Es  99 255 256   6.200   0.650   5.800   0.450
  Es  99 255 255   6.120   0.800   4.800   0.520
  Es  99 255 254   6.200   0.650   5.800   0.450
  Es  99 255 253   6.200   0.800   5.400   0.520
  Es  99 255 252   6.200   0.650   5.800   0.450
  Fm 100 255 256   6.000   1.040   5.000   0.600
  Fm 100 255 255   6.500   1.000   5.500   0.800
  Fm 100 255 254   6.500   1.040   5.500   0.600
  Fm 100 255 253   6.500   1.000   5.500   0.800
  Fm 100 255 252   6.500   1.040   5.500   0.600
